{
 "cells": [
  {
   "cell_type": "code",
   "execution_count": 33,
   "metadata": {},
   "outputs": [
    {
     "data": {
      "text/html": [
       "<div>\n",
       "<style scoped>\n",
       "    .dataframe tbody tr th:only-of-type {\n",
       "        vertical-align: middle;\n",
       "    }\n",
       "\n",
       "    .dataframe tbody tr th {\n",
       "        vertical-align: top;\n",
       "    }\n",
       "\n",
       "    .dataframe thead th {\n",
       "        text-align: right;\n",
       "    }\n",
       "</style>\n",
       "<table border=\"1\" class=\"dataframe\">\n",
       "  <thead>\n",
       "    <tr style=\"text-align: right;\">\n",
       "      <th></th>\n",
       "      <th>Unnamed: 0</th>\n",
       "      <th>createDt</th>\n",
       "      <th>deathCnt</th>\n",
       "      <th>decideCnt</th>\n",
       "      <th>seq</th>\n",
       "      <th>stateDt</th>\n",
       "      <th>stateTime</th>\n",
       "      <th>updateDt</th>\n",
       "      <th>accExamCnt</th>\n",
       "      <th>accDefRate</th>\n",
       "    </tr>\n",
       "  </thead>\n",
       "  <tbody>\n",
       "    <tr>\n",
       "      <th>0</th>\n",
       "      <td>0</td>\n",
       "      <td>2022-02-28 08:56:05.34</td>\n",
       "      <td>8058</td>\n",
       "      <td>3134456</td>\n",
       "      <td>803</td>\n",
       "      <td>20220228</td>\n",
       "      <td>00:00</td>\n",
       "      <td>NaN</td>\n",
       "      <td>NaN</td>\n",
       "      <td>NaN</td>\n",
       "    </tr>\n",
       "    <tr>\n",
       "      <th>1</th>\n",
       "      <td>1</td>\n",
       "      <td>2022-02-27 08:54:59.059</td>\n",
       "      <td>7944</td>\n",
       "      <td>2994830</td>\n",
       "      <td>802</td>\n",
       "      <td>20220227</td>\n",
       "      <td>00:00</td>\n",
       "      <td>2022-02-28 08:56:31.243</td>\n",
       "      <td>NaN</td>\n",
       "      <td>NaN</td>\n",
       "    </tr>\n",
       "    <tr>\n",
       "      <th>2</th>\n",
       "      <td>2</td>\n",
       "      <td>2022-02-26 09:10:30.918</td>\n",
       "      <td>7895</td>\n",
       "      <td>2831275</td>\n",
       "      <td>801</td>\n",
       "      <td>20220226</td>\n",
       "      <td>00:00</td>\n",
       "      <td>2022-02-27 08:56:10.393</td>\n",
       "      <td>NaN</td>\n",
       "      <td>NaN</td>\n",
       "    </tr>\n",
       "    <tr>\n",
       "      <th>3</th>\n",
       "      <td>3</td>\n",
       "      <td>2022-02-25 09:19:35.533</td>\n",
       "      <td>7783</td>\n",
       "      <td>2665074</td>\n",
       "      <td>800</td>\n",
       "      <td>20220225</td>\n",
       "      <td>00:00</td>\n",
       "      <td>2022-02-26 09:11:20.409</td>\n",
       "      <td>NaN</td>\n",
       "      <td>NaN</td>\n",
       "    </tr>\n",
       "    <tr>\n",
       "      <th>4</th>\n",
       "      <td>4</td>\n",
       "      <td>2022-02-24 09:45:42.528</td>\n",
       "      <td>7689</td>\n",
       "      <td>2499187</td>\n",
       "      <td>799</td>\n",
       "      <td>20220224</td>\n",
       "      <td>00:00</td>\n",
       "      <td>2022-02-25 09:19:57.585</td>\n",
       "      <td>NaN</td>\n",
       "      <td>NaN</td>\n",
       "    </tr>\n",
       "    <tr>\n",
       "      <th>...</th>\n",
       "      <td>...</td>\n",
       "      <td>...</td>\n",
       "      <td>...</td>\n",
       "      <td>...</td>\n",
       "      <td>...</td>\n",
       "      <td>...</td>\n",
       "      <td>...</td>\n",
       "      <td>...</td>\n",
       "      <td>...</td>\n",
       "      <td>...</td>\n",
       "    </tr>\n",
       "    <tr>\n",
       "      <th>715</th>\n",
       "      <td>715</td>\n",
       "      <td>2020-03-14 00:00:00.000</td>\n",
       "      <td>72</td>\n",
       "      <td>8086</td>\n",
       "      <td>55</td>\n",
       "      <td>20200314</td>\n",
       "      <td>00:00</td>\n",
       "      <td>2021-10-07 10:30:51.51</td>\n",
       "      <td>261335.0</td>\n",
       "      <td>3.318000</td>\n",
       "    </tr>\n",
       "    <tr>\n",
       "      <th>716</th>\n",
       "      <td>716</td>\n",
       "      <td>2020-03-13 00:00:00.000</td>\n",
       "      <td>67</td>\n",
       "      <td>7979</td>\n",
       "      <td>54</td>\n",
       "      <td>20200313</td>\n",
       "      <td>00:00</td>\n",
       "      <td>2021-10-07 10:30:51.51</td>\n",
       "      <td>248647.0</td>\n",
       "      <td>3.458499</td>\n",
       "    </tr>\n",
       "    <tr>\n",
       "      <th>717</th>\n",
       "      <td>717</td>\n",
       "      <td>2020-03-12 00:00:00.000</td>\n",
       "      <td>66</td>\n",
       "      <td>7869</td>\n",
       "      <td>53</td>\n",
       "      <td>20200312</td>\n",
       "      <td>00:00</td>\n",
       "      <td>2021-10-07 10:30:51.51</td>\n",
       "      <td>234998.0</td>\n",
       "      <td>3.621744</td>\n",
       "    </tr>\n",
       "    <tr>\n",
       "      <th>718</th>\n",
       "      <td>718</td>\n",
       "      <td>2020-03-11 00:00:00.000</td>\n",
       "      <td>60</td>\n",
       "      <td>7755</td>\n",
       "      <td>52</td>\n",
       "      <td>20200311</td>\n",
       "      <td>00:00</td>\n",
       "      <td>2021-10-07 10:30:51.51</td>\n",
       "      <td>222395.0</td>\n",
       "      <td>3.804175</td>\n",
       "    </tr>\n",
       "    <tr>\n",
       "      <th>719</th>\n",
       "      <td>719</td>\n",
       "      <td>2020-03-10 00:00:00.000</td>\n",
       "      <td>54</td>\n",
       "      <td>7513</td>\n",
       "      <td>51</td>\n",
       "      <td>20200310</td>\n",
       "      <td>00:00</td>\n",
       "      <td>2021-10-07 10:30:51.51</td>\n",
       "      <td>210144.0</td>\n",
       "      <td>3.919308</td>\n",
       "    </tr>\n",
       "  </tbody>\n",
       "</table>\n",
       "<p>720 rows × 10 columns</p>\n",
       "</div>"
      ],
      "text/plain": [
       "     Unnamed: 0                 createDt  deathCnt  decideCnt  seq   stateDt  \\\n",
       "0             0   2022-02-28 08:56:05.34      8058    3134456  803  20220228   \n",
       "1             1  2022-02-27 08:54:59.059      7944    2994830  802  20220227   \n",
       "2             2  2022-02-26 09:10:30.918      7895    2831275  801  20220226   \n",
       "3             3  2022-02-25 09:19:35.533      7783    2665074  800  20220225   \n",
       "4             4  2022-02-24 09:45:42.528      7689    2499187  799  20220224   \n",
       "..          ...                      ...       ...        ...  ...       ...   \n",
       "715         715  2020-03-14 00:00:00.000        72       8086   55  20200314   \n",
       "716         716  2020-03-13 00:00:00.000        67       7979   54  20200313   \n",
       "717         717  2020-03-12 00:00:00.000        66       7869   53  20200312   \n",
       "718         718  2020-03-11 00:00:00.000        60       7755   52  20200311   \n",
       "719         719  2020-03-10 00:00:00.000        54       7513   51  20200310   \n",
       "\n",
       "    stateTime                 updateDt  accExamCnt  accDefRate  \n",
       "0       00:00                      NaN         NaN         NaN  \n",
       "1       00:00  2022-02-28 08:56:31.243         NaN         NaN  \n",
       "2       00:00  2022-02-27 08:56:10.393         NaN         NaN  \n",
       "3       00:00  2022-02-26 09:11:20.409         NaN         NaN  \n",
       "4       00:00  2022-02-25 09:19:57.585         NaN         NaN  \n",
       "..        ...                      ...         ...         ...  \n",
       "715     00:00   2021-10-07 10:30:51.51    261335.0    3.318000  \n",
       "716     00:00   2021-10-07 10:30:51.51    248647.0    3.458499  \n",
       "717     00:00   2021-10-07 10:30:51.51    234998.0    3.621744  \n",
       "718     00:00   2021-10-07 10:30:51.51    222395.0    3.804175  \n",
       "719     00:00   2021-10-07 10:30:51.51    210144.0    3.919308  \n",
       "\n",
       "[720 rows x 10 columns]"
      ]
     },
     "execution_count": 33,
     "metadata": {},
     "output_type": "execute_result"
    }
   ],
   "source": [
    "import pandas as pd \n",
    "\n",
    "corona_df = pd.read_csv('corona.csv')\n",
    "corona_df"
   ]
  },
  {
   "cell_type": "markdown",
   "metadata": {},
   "source": [
    "컬럼명 바꾸기 "
   ]
  },
  {
   "cell_type": "code",
   "execution_count": 34,
   "metadata": {},
   "outputs": [
    {
     "data": {
      "text/html": [
       "<div>\n",
       "<style scoped>\n",
       "    .dataframe tbody tr th:only-of-type {\n",
       "        vertical-align: middle;\n",
       "    }\n",
       "\n",
       "    .dataframe tbody tr th {\n",
       "        vertical-align: top;\n",
       "    }\n",
       "\n",
       "    .dataframe thead th {\n",
       "        text-align: right;\n",
       "    }\n",
       "</style>\n",
       "<table border=\"1\" class=\"dataframe\">\n",
       "  <thead>\n",
       "    <tr style=\"text-align: right;\">\n",
       "      <th></th>\n",
       "      <th>인덱스</th>\n",
       "      <th>등록일시</th>\n",
       "      <th>사망자</th>\n",
       "      <th>확진자</th>\n",
       "      <th>게시글번호</th>\n",
       "      <th>기준일</th>\n",
       "      <th>기준시간</th>\n",
       "      <th>수정일시</th>\n",
       "      <th>누적 의심자</th>\n",
       "      <th>누적확진률</th>\n",
       "    </tr>\n",
       "  </thead>\n",
       "  <tbody>\n",
       "    <tr>\n",
       "      <th>0</th>\n",
       "      <td>0</td>\n",
       "      <td>2022-02-28 08:56:05.34</td>\n",
       "      <td>8058</td>\n",
       "      <td>3134456</td>\n",
       "      <td>803</td>\n",
       "      <td>20220228</td>\n",
       "      <td>00:00</td>\n",
       "      <td>NaN</td>\n",
       "      <td>NaN</td>\n",
       "      <td>NaN</td>\n",
       "    </tr>\n",
       "    <tr>\n",
       "      <th>1</th>\n",
       "      <td>1</td>\n",
       "      <td>2022-02-27 08:54:59.059</td>\n",
       "      <td>7944</td>\n",
       "      <td>2994830</td>\n",
       "      <td>802</td>\n",
       "      <td>20220227</td>\n",
       "      <td>00:00</td>\n",
       "      <td>2022-02-28 08:56:31.243</td>\n",
       "      <td>NaN</td>\n",
       "      <td>NaN</td>\n",
       "    </tr>\n",
       "    <tr>\n",
       "      <th>2</th>\n",
       "      <td>2</td>\n",
       "      <td>2022-02-26 09:10:30.918</td>\n",
       "      <td>7895</td>\n",
       "      <td>2831275</td>\n",
       "      <td>801</td>\n",
       "      <td>20220226</td>\n",
       "      <td>00:00</td>\n",
       "      <td>2022-02-27 08:56:10.393</td>\n",
       "      <td>NaN</td>\n",
       "      <td>NaN</td>\n",
       "    </tr>\n",
       "    <tr>\n",
       "      <th>3</th>\n",
       "      <td>3</td>\n",
       "      <td>2022-02-25 09:19:35.533</td>\n",
       "      <td>7783</td>\n",
       "      <td>2665074</td>\n",
       "      <td>800</td>\n",
       "      <td>20220225</td>\n",
       "      <td>00:00</td>\n",
       "      <td>2022-02-26 09:11:20.409</td>\n",
       "      <td>NaN</td>\n",
       "      <td>NaN</td>\n",
       "    </tr>\n",
       "    <tr>\n",
       "      <th>4</th>\n",
       "      <td>4</td>\n",
       "      <td>2022-02-24 09:45:42.528</td>\n",
       "      <td>7689</td>\n",
       "      <td>2499187</td>\n",
       "      <td>799</td>\n",
       "      <td>20220224</td>\n",
       "      <td>00:00</td>\n",
       "      <td>2022-02-25 09:19:57.585</td>\n",
       "      <td>NaN</td>\n",
       "      <td>NaN</td>\n",
       "    </tr>\n",
       "    <tr>\n",
       "      <th>...</th>\n",
       "      <td>...</td>\n",
       "      <td>...</td>\n",
       "      <td>...</td>\n",
       "      <td>...</td>\n",
       "      <td>...</td>\n",
       "      <td>...</td>\n",
       "      <td>...</td>\n",
       "      <td>...</td>\n",
       "      <td>...</td>\n",
       "      <td>...</td>\n",
       "    </tr>\n",
       "    <tr>\n",
       "      <th>715</th>\n",
       "      <td>715</td>\n",
       "      <td>2020-03-14 00:00:00.000</td>\n",
       "      <td>72</td>\n",
       "      <td>8086</td>\n",
       "      <td>55</td>\n",
       "      <td>20200314</td>\n",
       "      <td>00:00</td>\n",
       "      <td>2021-10-07 10:30:51.51</td>\n",
       "      <td>261335.0</td>\n",
       "      <td>3.318000</td>\n",
       "    </tr>\n",
       "    <tr>\n",
       "      <th>716</th>\n",
       "      <td>716</td>\n",
       "      <td>2020-03-13 00:00:00.000</td>\n",
       "      <td>67</td>\n",
       "      <td>7979</td>\n",
       "      <td>54</td>\n",
       "      <td>20200313</td>\n",
       "      <td>00:00</td>\n",
       "      <td>2021-10-07 10:30:51.51</td>\n",
       "      <td>248647.0</td>\n",
       "      <td>3.458499</td>\n",
       "    </tr>\n",
       "    <tr>\n",
       "      <th>717</th>\n",
       "      <td>717</td>\n",
       "      <td>2020-03-12 00:00:00.000</td>\n",
       "      <td>66</td>\n",
       "      <td>7869</td>\n",
       "      <td>53</td>\n",
       "      <td>20200312</td>\n",
       "      <td>00:00</td>\n",
       "      <td>2021-10-07 10:30:51.51</td>\n",
       "      <td>234998.0</td>\n",
       "      <td>3.621744</td>\n",
       "    </tr>\n",
       "    <tr>\n",
       "      <th>718</th>\n",
       "      <td>718</td>\n",
       "      <td>2020-03-11 00:00:00.000</td>\n",
       "      <td>60</td>\n",
       "      <td>7755</td>\n",
       "      <td>52</td>\n",
       "      <td>20200311</td>\n",
       "      <td>00:00</td>\n",
       "      <td>2021-10-07 10:30:51.51</td>\n",
       "      <td>222395.0</td>\n",
       "      <td>3.804175</td>\n",
       "    </tr>\n",
       "    <tr>\n",
       "      <th>719</th>\n",
       "      <td>719</td>\n",
       "      <td>2020-03-10 00:00:00.000</td>\n",
       "      <td>54</td>\n",
       "      <td>7513</td>\n",
       "      <td>51</td>\n",
       "      <td>20200310</td>\n",
       "      <td>00:00</td>\n",
       "      <td>2021-10-07 10:30:51.51</td>\n",
       "      <td>210144.0</td>\n",
       "      <td>3.919308</td>\n",
       "    </tr>\n",
       "  </tbody>\n",
       "</table>\n",
       "<p>720 rows × 10 columns</p>\n",
       "</div>"
      ],
      "text/plain": [
       "     인덱스                     등록일시   사망자      확진자  게시글번호       기준일   기준시간  \\\n",
       "0      0   2022-02-28 08:56:05.34  8058  3134456    803  20220228  00:00   \n",
       "1      1  2022-02-27 08:54:59.059  7944  2994830    802  20220227  00:00   \n",
       "2      2  2022-02-26 09:10:30.918  7895  2831275    801  20220226  00:00   \n",
       "3      3  2022-02-25 09:19:35.533  7783  2665074    800  20220225  00:00   \n",
       "4      4  2022-02-24 09:45:42.528  7689  2499187    799  20220224  00:00   \n",
       "..   ...                      ...   ...      ...    ...       ...    ...   \n",
       "715  715  2020-03-14 00:00:00.000    72     8086     55  20200314  00:00   \n",
       "716  716  2020-03-13 00:00:00.000    67     7979     54  20200313  00:00   \n",
       "717  717  2020-03-12 00:00:00.000    66     7869     53  20200312  00:00   \n",
       "718  718  2020-03-11 00:00:00.000    60     7755     52  20200311  00:00   \n",
       "719  719  2020-03-10 00:00:00.000    54     7513     51  20200310  00:00   \n",
       "\n",
       "                        수정일시    누적 의심자     누적확진률  \n",
       "0                        NaN       NaN       NaN  \n",
       "1    2022-02-28 08:56:31.243       NaN       NaN  \n",
       "2    2022-02-27 08:56:10.393       NaN       NaN  \n",
       "3    2022-02-26 09:11:20.409       NaN       NaN  \n",
       "4    2022-02-25 09:19:57.585       NaN       NaN  \n",
       "..                       ...       ...       ...  \n",
       "715   2021-10-07 10:30:51.51  261335.0  3.318000  \n",
       "716   2021-10-07 10:30:51.51  248647.0  3.458499  \n",
       "717   2021-10-07 10:30:51.51  234998.0  3.621744  \n",
       "718   2021-10-07 10:30:51.51  222395.0  3.804175  \n",
       "719   2021-10-07 10:30:51.51  210144.0  3.919308  \n",
       "\n",
       "[720 rows x 10 columns]"
      ]
     },
     "execution_count": 34,
     "metadata": {},
     "output_type": "execute_result"
    }
   ],
   "source": [
    "corona_df.columns = [\"인덱스\",\"등록일시\", \"사망자\",\"확진자\", \"게시글번호\",\n",
    "                    \"기준일\", \"기준시간\", \"수정일시\", \"누적 의심자\", \"누적확진률\"]\n",
    "corona_df"
   ]
  },
  {
   "cell_type": "code",
   "execution_count": 35,
   "metadata": {},
   "outputs": [
    {
     "data": {
      "text/plain": [
       "count    623.000000\n",
       "mean       1.556435\n",
       "std        0.543014\n",
       "min        0.902205\n",
       "25%        1.078089\n",
       "50%        1.416159\n",
       "75%        1.816009\n",
       "max        3.919308\n",
       "Name: 누적확진률, dtype: float64"
      ]
     },
     "execution_count": 35,
     "metadata": {},
     "output_type": "execute_result"
    }
   ],
   "source": [
    "corona_df[\"누적확진률\"].describe()"
   ]
  },
  {
   "cell_type": "code",
   "execution_count": 36,
   "metadata": {},
   "outputs": [
    {
     "data": {
      "text/plain": [
       "0      8058\n",
       "1      7944\n",
       "2      7895\n",
       "3      7783\n",
       "4      7689\n",
       "       ... \n",
       "715      72\n",
       "716      67\n",
       "717      66\n",
       "718      60\n",
       "719      54\n",
       "Name: 사망자, Length: 720, dtype: int64"
      ]
     },
     "execution_count": 36,
     "metadata": {},
     "output_type": "execute_result"
    }
   ],
   "source": [
    "corona_df[\"사망자\"]"
   ]
  },
  {
   "cell_type": "code",
   "execution_count": 37,
   "metadata": {},
   "outputs": [
    {
     "data": {
      "text/plain": [
       "0      8058\n",
       "1      7944\n",
       "2      7895\n",
       "3      7783\n",
       "4      7689\n",
       "       ... \n",
       "715      72\n",
       "716      67\n",
       "717      66\n",
       "718      60\n",
       "719      54\n",
       "Name: 사망자, Length: 720, dtype: int64"
      ]
     },
     "execution_count": 37,
     "metadata": {},
     "output_type": "execute_result"
    }
   ],
   "source": [
    "corona_df.사망자\n",
    "#데이터 형태는 시리즈 "
   ]
  },
  {
   "cell_type": "code",
   "execution_count": 38,
   "metadata": {},
   "outputs": [
    {
     "data": {
      "text/html": [
       "<div>\n",
       "<style scoped>\n",
       "    .dataframe tbody tr th:only-of-type {\n",
       "        vertical-align: middle;\n",
       "    }\n",
       "\n",
       "    .dataframe tbody tr th {\n",
       "        vertical-align: top;\n",
       "    }\n",
       "\n",
       "    .dataframe thead th {\n",
       "        text-align: right;\n",
       "    }\n",
       "</style>\n",
       "<table border=\"1\" class=\"dataframe\">\n",
       "  <thead>\n",
       "    <tr style=\"text-align: right;\">\n",
       "      <th></th>\n",
       "      <th>인덱스</th>\n",
       "      <th>등록일시</th>\n",
       "      <th>사망자</th>\n",
       "      <th>확진자</th>\n",
       "      <th>게시글번호</th>\n",
       "      <th>기준일</th>\n",
       "      <th>기준시간</th>\n",
       "      <th>수정일시</th>\n",
       "      <th>누적 의심자</th>\n",
       "      <th>누적확진률</th>\n",
       "    </tr>\n",
       "  </thead>\n",
       "  <tbody>\n",
       "    <tr>\n",
       "      <th>719</th>\n",
       "      <td>719</td>\n",
       "      <td>2020-03-10 00:00:00.000</td>\n",
       "      <td>54</td>\n",
       "      <td>7513</td>\n",
       "      <td>51</td>\n",
       "      <td>20200310</td>\n",
       "      <td>00:00</td>\n",
       "      <td>2021-10-07 10:30:51.51</td>\n",
       "      <td>210144.0</td>\n",
       "      <td>3.919308</td>\n",
       "    </tr>\n",
       "    <tr>\n",
       "      <th>718</th>\n",
       "      <td>718</td>\n",
       "      <td>2020-03-11 00:00:00.000</td>\n",
       "      <td>60</td>\n",
       "      <td>7755</td>\n",
       "      <td>52</td>\n",
       "      <td>20200311</td>\n",
       "      <td>00:00</td>\n",
       "      <td>2021-10-07 10:30:51.51</td>\n",
       "      <td>222395.0</td>\n",
       "      <td>3.804175</td>\n",
       "    </tr>\n",
       "    <tr>\n",
       "      <th>717</th>\n",
       "      <td>717</td>\n",
       "      <td>2020-03-12 00:00:00.000</td>\n",
       "      <td>66</td>\n",
       "      <td>7869</td>\n",
       "      <td>53</td>\n",
       "      <td>20200312</td>\n",
       "      <td>00:00</td>\n",
       "      <td>2021-10-07 10:30:51.51</td>\n",
       "      <td>234998.0</td>\n",
       "      <td>3.621744</td>\n",
       "    </tr>\n",
       "    <tr>\n",
       "      <th>716</th>\n",
       "      <td>716</td>\n",
       "      <td>2020-03-13 00:00:00.000</td>\n",
       "      <td>67</td>\n",
       "      <td>7979</td>\n",
       "      <td>54</td>\n",
       "      <td>20200313</td>\n",
       "      <td>00:00</td>\n",
       "      <td>2021-10-07 10:30:51.51</td>\n",
       "      <td>248647.0</td>\n",
       "      <td>3.458499</td>\n",
       "    </tr>\n",
       "    <tr>\n",
       "      <th>715</th>\n",
       "      <td>715</td>\n",
       "      <td>2020-03-14 00:00:00.000</td>\n",
       "      <td>72</td>\n",
       "      <td>8086</td>\n",
       "      <td>55</td>\n",
       "      <td>20200314</td>\n",
       "      <td>00:00</td>\n",
       "      <td>2021-10-07 10:30:51.51</td>\n",
       "      <td>261335.0</td>\n",
       "      <td>3.318000</td>\n",
       "    </tr>\n",
       "    <tr>\n",
       "      <th>...</th>\n",
       "      <td>...</td>\n",
       "      <td>...</td>\n",
       "      <td>...</td>\n",
       "      <td>...</td>\n",
       "      <td>...</td>\n",
       "      <td>...</td>\n",
       "      <td>...</td>\n",
       "      <td>...</td>\n",
       "      <td>...</td>\n",
       "      <td>...</td>\n",
       "    </tr>\n",
       "    <tr>\n",
       "      <th>4</th>\n",
       "      <td>4</td>\n",
       "      <td>2022-02-24 09:45:42.528</td>\n",
       "      <td>7689</td>\n",
       "      <td>2499187</td>\n",
       "      <td>799</td>\n",
       "      <td>20220224</td>\n",
       "      <td>00:00</td>\n",
       "      <td>2022-02-25 09:19:57.585</td>\n",
       "      <td>NaN</td>\n",
       "      <td>NaN</td>\n",
       "    </tr>\n",
       "    <tr>\n",
       "      <th>3</th>\n",
       "      <td>3</td>\n",
       "      <td>2022-02-25 09:19:35.533</td>\n",
       "      <td>7783</td>\n",
       "      <td>2665074</td>\n",
       "      <td>800</td>\n",
       "      <td>20220225</td>\n",
       "      <td>00:00</td>\n",
       "      <td>2022-02-26 09:11:20.409</td>\n",
       "      <td>NaN</td>\n",
       "      <td>NaN</td>\n",
       "    </tr>\n",
       "    <tr>\n",
       "      <th>2</th>\n",
       "      <td>2</td>\n",
       "      <td>2022-02-26 09:10:30.918</td>\n",
       "      <td>7895</td>\n",
       "      <td>2831275</td>\n",
       "      <td>801</td>\n",
       "      <td>20220226</td>\n",
       "      <td>00:00</td>\n",
       "      <td>2022-02-27 08:56:10.393</td>\n",
       "      <td>NaN</td>\n",
       "      <td>NaN</td>\n",
       "    </tr>\n",
       "    <tr>\n",
       "      <th>1</th>\n",
       "      <td>1</td>\n",
       "      <td>2022-02-27 08:54:59.059</td>\n",
       "      <td>7944</td>\n",
       "      <td>2994830</td>\n",
       "      <td>802</td>\n",
       "      <td>20220227</td>\n",
       "      <td>00:00</td>\n",
       "      <td>2022-02-28 08:56:31.243</td>\n",
       "      <td>NaN</td>\n",
       "      <td>NaN</td>\n",
       "    </tr>\n",
       "    <tr>\n",
       "      <th>0</th>\n",
       "      <td>0</td>\n",
       "      <td>2022-02-28 08:56:05.34</td>\n",
       "      <td>8058</td>\n",
       "      <td>3134456</td>\n",
       "      <td>803</td>\n",
       "      <td>20220228</td>\n",
       "      <td>00:00</td>\n",
       "      <td>NaN</td>\n",
       "      <td>NaN</td>\n",
       "      <td>NaN</td>\n",
       "    </tr>\n",
       "  </tbody>\n",
       "</table>\n",
       "<p>720 rows × 10 columns</p>\n",
       "</div>"
      ],
      "text/plain": [
       "     인덱스                     등록일시   사망자      확진자  게시글번호       기준일   기준시간  \\\n",
       "719  719  2020-03-10 00:00:00.000    54     7513     51  20200310  00:00   \n",
       "718  718  2020-03-11 00:00:00.000    60     7755     52  20200311  00:00   \n",
       "717  717  2020-03-12 00:00:00.000    66     7869     53  20200312  00:00   \n",
       "716  716  2020-03-13 00:00:00.000    67     7979     54  20200313  00:00   \n",
       "715  715  2020-03-14 00:00:00.000    72     8086     55  20200314  00:00   \n",
       "..   ...                      ...   ...      ...    ...       ...    ...   \n",
       "4      4  2022-02-24 09:45:42.528  7689  2499187    799  20220224  00:00   \n",
       "3      3  2022-02-25 09:19:35.533  7783  2665074    800  20220225  00:00   \n",
       "2      2  2022-02-26 09:10:30.918  7895  2831275    801  20220226  00:00   \n",
       "1      1  2022-02-27 08:54:59.059  7944  2994830    802  20220227  00:00   \n",
       "0      0   2022-02-28 08:56:05.34  8058  3134456    803  20220228  00:00   \n",
       "\n",
       "                        수정일시    누적 의심자     누적확진률  \n",
       "719   2021-10-07 10:30:51.51  210144.0  3.919308  \n",
       "718   2021-10-07 10:30:51.51  222395.0  3.804175  \n",
       "717   2021-10-07 10:30:51.51  234998.0  3.621744  \n",
       "716   2021-10-07 10:30:51.51  248647.0  3.458499  \n",
       "715   2021-10-07 10:30:51.51  261335.0  3.318000  \n",
       "..                       ...       ...       ...  \n",
       "4    2022-02-25 09:19:57.585       NaN       NaN  \n",
       "3    2022-02-26 09:11:20.409       NaN       NaN  \n",
       "2    2022-02-27 08:56:10.393       NaN       NaN  \n",
       "1    2022-02-28 08:56:31.243       NaN       NaN  \n",
       "0                        NaN       NaN       NaN  \n",
       "\n",
       "[720 rows x 10 columns]"
      ]
     },
     "execution_count": 38,
     "metadata": {},
     "output_type": "execute_result"
    }
   ],
   "source": [
    "corona_df_2 = corona_df.sort_values(\"등록일시\")\n",
    "corona_df_2"
   ]
  },
  {
   "cell_type": "markdown",
   "metadata": {},
   "source": [
    "일일 확진자를 출력하려면 어떻게 계산식을 도출해야할까? shift 함수 사용 \n"
   ]
  },
  {
   "cell_type": "code",
   "execution_count": 39,
   "metadata": {},
   "outputs": [],
   "source": [
    "#새로운 컬럼 추가 \n",
    "corona_df_2[\"일일 확진자\"] = (corona_df_2[\"확진자\"]- corona_df_2[\"확진자\"].shift()).fillna(0)\n",
    "# fillna() : 값이 NaN인 경우 ()값으로 대체\n",
    "#shift는 행을 한칸씩 옮겨준다. "
   ]
  },
  {
   "cell_type": "code",
   "execution_count": 40,
   "metadata": {},
   "outputs": [
    {
     "data": {
      "text/html": [
       "<div>\n",
       "<style scoped>\n",
       "    .dataframe tbody tr th:only-of-type {\n",
       "        vertical-align: middle;\n",
       "    }\n",
       "\n",
       "    .dataframe tbody tr th {\n",
       "        vertical-align: top;\n",
       "    }\n",
       "\n",
       "    .dataframe thead th {\n",
       "        text-align: right;\n",
       "    }\n",
       "</style>\n",
       "<table border=\"1\" class=\"dataframe\">\n",
       "  <thead>\n",
       "    <tr style=\"text-align: right;\">\n",
       "      <th></th>\n",
       "      <th>인덱스</th>\n",
       "      <th>등록일시</th>\n",
       "      <th>사망자</th>\n",
       "      <th>확진자</th>\n",
       "      <th>게시글번호</th>\n",
       "      <th>기준일</th>\n",
       "      <th>기준시간</th>\n",
       "      <th>수정일시</th>\n",
       "      <th>누적 의심자</th>\n",
       "      <th>누적확진률</th>\n",
       "      <th>일일 확진자</th>\n",
       "    </tr>\n",
       "  </thead>\n",
       "  <tbody>\n",
       "    <tr>\n",
       "      <th>719</th>\n",
       "      <td>719</td>\n",
       "      <td>2020-03-10 00:00:00.000</td>\n",
       "      <td>54</td>\n",
       "      <td>7513</td>\n",
       "      <td>51</td>\n",
       "      <td>20200310</td>\n",
       "      <td>00:00</td>\n",
       "      <td>2021-10-07 10:30:51.51</td>\n",
       "      <td>210144.0</td>\n",
       "      <td>3.919308</td>\n",
       "      <td>0.0</td>\n",
       "    </tr>\n",
       "    <tr>\n",
       "      <th>718</th>\n",
       "      <td>718</td>\n",
       "      <td>2020-03-11 00:00:00.000</td>\n",
       "      <td>60</td>\n",
       "      <td>7755</td>\n",
       "      <td>52</td>\n",
       "      <td>20200311</td>\n",
       "      <td>00:00</td>\n",
       "      <td>2021-10-07 10:30:51.51</td>\n",
       "      <td>222395.0</td>\n",
       "      <td>3.804175</td>\n",
       "      <td>242.0</td>\n",
       "    </tr>\n",
       "    <tr>\n",
       "      <th>717</th>\n",
       "      <td>717</td>\n",
       "      <td>2020-03-12 00:00:00.000</td>\n",
       "      <td>66</td>\n",
       "      <td>7869</td>\n",
       "      <td>53</td>\n",
       "      <td>20200312</td>\n",
       "      <td>00:00</td>\n",
       "      <td>2021-10-07 10:30:51.51</td>\n",
       "      <td>234998.0</td>\n",
       "      <td>3.621744</td>\n",
       "      <td>114.0</td>\n",
       "    </tr>\n",
       "    <tr>\n",
       "      <th>716</th>\n",
       "      <td>716</td>\n",
       "      <td>2020-03-13 00:00:00.000</td>\n",
       "      <td>67</td>\n",
       "      <td>7979</td>\n",
       "      <td>54</td>\n",
       "      <td>20200313</td>\n",
       "      <td>00:00</td>\n",
       "      <td>2021-10-07 10:30:51.51</td>\n",
       "      <td>248647.0</td>\n",
       "      <td>3.458499</td>\n",
       "      <td>110.0</td>\n",
       "    </tr>\n",
       "    <tr>\n",
       "      <th>715</th>\n",
       "      <td>715</td>\n",
       "      <td>2020-03-14 00:00:00.000</td>\n",
       "      <td>72</td>\n",
       "      <td>8086</td>\n",
       "      <td>55</td>\n",
       "      <td>20200314</td>\n",
       "      <td>00:00</td>\n",
       "      <td>2021-10-07 10:30:51.51</td>\n",
       "      <td>261335.0</td>\n",
       "      <td>3.318000</td>\n",
       "      <td>107.0</td>\n",
       "    </tr>\n",
       "    <tr>\n",
       "      <th>...</th>\n",
       "      <td>...</td>\n",
       "      <td>...</td>\n",
       "      <td>...</td>\n",
       "      <td>...</td>\n",
       "      <td>...</td>\n",
       "      <td>...</td>\n",
       "      <td>...</td>\n",
       "      <td>...</td>\n",
       "      <td>...</td>\n",
       "      <td>...</td>\n",
       "      <td>...</td>\n",
       "    </tr>\n",
       "    <tr>\n",
       "      <th>4</th>\n",
       "      <td>4</td>\n",
       "      <td>2022-02-24 09:45:42.528</td>\n",
       "      <td>7689</td>\n",
       "      <td>2499187</td>\n",
       "      <td>799</td>\n",
       "      <td>20220224</td>\n",
       "      <td>00:00</td>\n",
       "      <td>2022-02-25 09:19:57.585</td>\n",
       "      <td>NaN</td>\n",
       "      <td>NaN</td>\n",
       "      <td>170015.0</td>\n",
       "    </tr>\n",
       "    <tr>\n",
       "      <th>3</th>\n",
       "      <td>3</td>\n",
       "      <td>2022-02-25 09:19:35.533</td>\n",
       "      <td>7783</td>\n",
       "      <td>2665074</td>\n",
       "      <td>800</td>\n",
       "      <td>20220225</td>\n",
       "      <td>00:00</td>\n",
       "      <td>2022-02-26 09:11:20.409</td>\n",
       "      <td>NaN</td>\n",
       "      <td>NaN</td>\n",
       "      <td>165887.0</td>\n",
       "    </tr>\n",
       "    <tr>\n",
       "      <th>2</th>\n",
       "      <td>2</td>\n",
       "      <td>2022-02-26 09:10:30.918</td>\n",
       "      <td>7895</td>\n",
       "      <td>2831275</td>\n",
       "      <td>801</td>\n",
       "      <td>20220226</td>\n",
       "      <td>00:00</td>\n",
       "      <td>2022-02-27 08:56:10.393</td>\n",
       "      <td>NaN</td>\n",
       "      <td>NaN</td>\n",
       "      <td>166201.0</td>\n",
       "    </tr>\n",
       "    <tr>\n",
       "      <th>1</th>\n",
       "      <td>1</td>\n",
       "      <td>2022-02-27 08:54:59.059</td>\n",
       "      <td>7944</td>\n",
       "      <td>2994830</td>\n",
       "      <td>802</td>\n",
       "      <td>20220227</td>\n",
       "      <td>00:00</td>\n",
       "      <td>2022-02-28 08:56:31.243</td>\n",
       "      <td>NaN</td>\n",
       "      <td>NaN</td>\n",
       "      <td>163555.0</td>\n",
       "    </tr>\n",
       "    <tr>\n",
       "      <th>0</th>\n",
       "      <td>0</td>\n",
       "      <td>2022-02-28 08:56:05.34</td>\n",
       "      <td>8058</td>\n",
       "      <td>3134456</td>\n",
       "      <td>803</td>\n",
       "      <td>20220228</td>\n",
       "      <td>00:00</td>\n",
       "      <td>NaN</td>\n",
       "      <td>NaN</td>\n",
       "      <td>NaN</td>\n",
       "      <td>139626.0</td>\n",
       "    </tr>\n",
       "  </tbody>\n",
       "</table>\n",
       "<p>720 rows × 11 columns</p>\n",
       "</div>"
      ],
      "text/plain": [
       "     인덱스                     등록일시   사망자      확진자  게시글번호       기준일   기준시간  \\\n",
       "719  719  2020-03-10 00:00:00.000    54     7513     51  20200310  00:00   \n",
       "718  718  2020-03-11 00:00:00.000    60     7755     52  20200311  00:00   \n",
       "717  717  2020-03-12 00:00:00.000    66     7869     53  20200312  00:00   \n",
       "716  716  2020-03-13 00:00:00.000    67     7979     54  20200313  00:00   \n",
       "715  715  2020-03-14 00:00:00.000    72     8086     55  20200314  00:00   \n",
       "..   ...                      ...   ...      ...    ...       ...    ...   \n",
       "4      4  2022-02-24 09:45:42.528  7689  2499187    799  20220224  00:00   \n",
       "3      3  2022-02-25 09:19:35.533  7783  2665074    800  20220225  00:00   \n",
       "2      2  2022-02-26 09:10:30.918  7895  2831275    801  20220226  00:00   \n",
       "1      1  2022-02-27 08:54:59.059  7944  2994830    802  20220227  00:00   \n",
       "0      0   2022-02-28 08:56:05.34  8058  3134456    803  20220228  00:00   \n",
       "\n",
       "                        수정일시    누적 의심자     누적확진률    일일 확진자  \n",
       "719   2021-10-07 10:30:51.51  210144.0  3.919308       0.0  \n",
       "718   2021-10-07 10:30:51.51  222395.0  3.804175     242.0  \n",
       "717   2021-10-07 10:30:51.51  234998.0  3.621744     114.0  \n",
       "716   2021-10-07 10:30:51.51  248647.0  3.458499     110.0  \n",
       "715   2021-10-07 10:30:51.51  261335.0  3.318000     107.0  \n",
       "..                       ...       ...       ...       ...  \n",
       "4    2022-02-25 09:19:57.585       NaN       NaN  170015.0  \n",
       "3    2022-02-26 09:11:20.409       NaN       NaN  165887.0  \n",
       "2    2022-02-27 08:56:10.393       NaN       NaN  166201.0  \n",
       "1    2022-02-28 08:56:31.243       NaN       NaN  163555.0  \n",
       "0                        NaN       NaN       NaN  139626.0  \n",
       "\n",
       "[720 rows x 11 columns]"
      ]
     },
     "execution_count": 40,
     "metadata": {},
     "output_type": "execute_result"
    }
   ],
   "source": [
    "corona_df_2"
   ]
  },
  {
   "cell_type": "code",
   "execution_count": 41,
   "metadata": {},
   "outputs": [
    {
     "data": {
      "text/html": [
       "<div>\n",
       "<style scoped>\n",
       "    .dataframe tbody tr th:only-of-type {\n",
       "        vertical-align: middle;\n",
       "    }\n",
       "\n",
       "    .dataframe tbody tr th {\n",
       "        vertical-align: top;\n",
       "    }\n",
       "\n",
       "    .dataframe thead th {\n",
       "        text-align: right;\n",
       "    }\n",
       "</style>\n",
       "<table border=\"1\" class=\"dataframe\">\n",
       "  <thead>\n",
       "    <tr style=\"text-align: right;\">\n",
       "      <th></th>\n",
       "      <th>인덱스</th>\n",
       "      <th>등록일시</th>\n",
       "      <th>사망자</th>\n",
       "      <th>확진자</th>\n",
       "      <th>게시글번호</th>\n",
       "      <th>기준일</th>\n",
       "      <th>기준시간</th>\n",
       "      <th>수정일시</th>\n",
       "      <th>누적 의심자</th>\n",
       "      <th>누적확진률</th>\n",
       "      <th>일일 확진자</th>\n",
       "      <th>일일 사망자</th>\n",
       "    </tr>\n",
       "  </thead>\n",
       "  <tbody>\n",
       "    <tr>\n",
       "      <th>719</th>\n",
       "      <td>719</td>\n",
       "      <td>2020-03-10 00:00:00.000</td>\n",
       "      <td>54</td>\n",
       "      <td>7513</td>\n",
       "      <td>51</td>\n",
       "      <td>20200310</td>\n",
       "      <td>00:00</td>\n",
       "      <td>2021-10-07 10:30:51.51</td>\n",
       "      <td>210144.0</td>\n",
       "      <td>3.919308</td>\n",
       "      <td>0.0</td>\n",
       "      <td>0.0</td>\n",
       "    </tr>\n",
       "    <tr>\n",
       "      <th>718</th>\n",
       "      <td>718</td>\n",
       "      <td>2020-03-11 00:00:00.000</td>\n",
       "      <td>60</td>\n",
       "      <td>7755</td>\n",
       "      <td>52</td>\n",
       "      <td>20200311</td>\n",
       "      <td>00:00</td>\n",
       "      <td>2021-10-07 10:30:51.51</td>\n",
       "      <td>222395.0</td>\n",
       "      <td>3.804175</td>\n",
       "      <td>242.0</td>\n",
       "      <td>6.0</td>\n",
       "    </tr>\n",
       "    <tr>\n",
       "      <th>717</th>\n",
       "      <td>717</td>\n",
       "      <td>2020-03-12 00:00:00.000</td>\n",
       "      <td>66</td>\n",
       "      <td>7869</td>\n",
       "      <td>53</td>\n",
       "      <td>20200312</td>\n",
       "      <td>00:00</td>\n",
       "      <td>2021-10-07 10:30:51.51</td>\n",
       "      <td>234998.0</td>\n",
       "      <td>3.621744</td>\n",
       "      <td>114.0</td>\n",
       "      <td>6.0</td>\n",
       "    </tr>\n",
       "    <tr>\n",
       "      <th>716</th>\n",
       "      <td>716</td>\n",
       "      <td>2020-03-13 00:00:00.000</td>\n",
       "      <td>67</td>\n",
       "      <td>7979</td>\n",
       "      <td>54</td>\n",
       "      <td>20200313</td>\n",
       "      <td>00:00</td>\n",
       "      <td>2021-10-07 10:30:51.51</td>\n",
       "      <td>248647.0</td>\n",
       "      <td>3.458499</td>\n",
       "      <td>110.0</td>\n",
       "      <td>1.0</td>\n",
       "    </tr>\n",
       "    <tr>\n",
       "      <th>715</th>\n",
       "      <td>715</td>\n",
       "      <td>2020-03-14 00:00:00.000</td>\n",
       "      <td>72</td>\n",
       "      <td>8086</td>\n",
       "      <td>55</td>\n",
       "      <td>20200314</td>\n",
       "      <td>00:00</td>\n",
       "      <td>2021-10-07 10:30:51.51</td>\n",
       "      <td>261335.0</td>\n",
       "      <td>3.318000</td>\n",
       "      <td>107.0</td>\n",
       "      <td>5.0</td>\n",
       "    </tr>\n",
       "    <tr>\n",
       "      <th>...</th>\n",
       "      <td>...</td>\n",
       "      <td>...</td>\n",
       "      <td>...</td>\n",
       "      <td>...</td>\n",
       "      <td>...</td>\n",
       "      <td>...</td>\n",
       "      <td>...</td>\n",
       "      <td>...</td>\n",
       "      <td>...</td>\n",
       "      <td>...</td>\n",
       "      <td>...</td>\n",
       "      <td>...</td>\n",
       "    </tr>\n",
       "    <tr>\n",
       "      <th>4</th>\n",
       "      <td>4</td>\n",
       "      <td>2022-02-24 09:45:42.528</td>\n",
       "      <td>7689</td>\n",
       "      <td>2499187</td>\n",
       "      <td>799</td>\n",
       "      <td>20220224</td>\n",
       "      <td>00:00</td>\n",
       "      <td>2022-02-25 09:19:57.585</td>\n",
       "      <td>NaN</td>\n",
       "      <td>NaN</td>\n",
       "      <td>170015.0</td>\n",
       "      <td>82.0</td>\n",
       "    </tr>\n",
       "    <tr>\n",
       "      <th>3</th>\n",
       "      <td>3</td>\n",
       "      <td>2022-02-25 09:19:35.533</td>\n",
